# Left.
width: 752
height: 480

camera matrix:
[330.504324,   0.000000, 370.640906,
   0.000000, 418.524457, 261.211192,
   0.000000,   0.000000,   1.000000]

distortion:
[-0.001995, 0.007048, -0.003170, 0.002547, 0.000000]

rectification:
[ 0.995475, -0.009725, 0.094524,
  0.009576,  0.999952, 0.002033,
 -0.094539, -0.001118, 0.995521]

projection:
[475.739765,   0.000000, 285.090210, 0.000000,
   0.000000, 475.739765, 256.762772, 0.000000,
   0.000000,   0.000000,   1.000000, 0.000000]

# Right.
width: 752

height: 480

camera matrix:
[326.299028,   0.000000, 371.827200,
   0.000000, 412.909205, 259.198963,
   0.000000,   0.000000,   1.000000]

distortion:
[-0.001420, 0.010252, -0.001903, 0.003601, 0.000000]

rectification:
[ 0.995400, -0.010040,  0.095274,
  0.010190,  0.999947, -0.001092,
 -0.095258,  0.002058,  0.995450]

projection:
[475.739765,   0.000000, 285.090210, -1006.642783,
   0.000000, 475.739765, 256.762772,     0.000000,
   0.000000,   0.000000,   1.000000,     0.000000]
